403646
552698
536232
424467
585778
587307
462270
469011
473055
515279
473258
503957
575909
505620
591172
506135
437593
540878
466106
479346
455962
501835
443010
595373
573811
587354
546291
409181
413449
575308
591770
568820
564734
418444
411721
495555
580761
437437
502510
551683
464006
444561
574215
501114
520470
597755
425193
589269
538323
575172
573016
431120
491804
426624
592943
571928
529214
469952
562562
588253
454822
454715
561533
468479
502413
458638
589538
567539
454203
553830
526554
461093
549818
